(1
0
7
9
10
12
14
21
23
25
26
28
(2
0
3
4
7
9
10
13
14
16
21
23
25
26
28
(3
0
3
4
7
9
23
25
26
(4
0
3
4
7
9
10
13
14
16
21
23
25
26
28
(5
1
2
5
7
8
11
13
15
17
21
22
24
27
29
(6
1
2
5
6
8
13
17
21
22
24
27
29
(7
0
3
4
7
9
23
25
26
(8
1
2
5
6
8
11
13
15
17
21
22
24
27
29
(9
1
2
5
7
8
11
13
15
17
21
22
24
27
29
(10
1
2
4
6
8
11
13
15
17
21
22
25
26
29
(11
0
3
4
7
9
10
13
15
17
21
23
25
26
28
(12
1
11
15
17
20
(13
0
3
4
7
9
23
25
26
(14
0
3
4
7
9
11
12
14
16
21
23
25
26
28
(15
1
11
13
15
17
21
29
(16
0
3
4
9
10
12
14
16
23
25
26
28
(17
1
2
4
6
8
11
13
15
17
21
22
24
27
29
(18
0
(19
1
11
13
15
16
21
28
(20
0
3
4
6
9
13
14
17
21
23
25
26
28
(21
0
7
9
10
12
14
16
21
23
25
26
28
(22
2
5
6
8
11
13
15
17
20
22
24
27
29
(23
0
3
4
7
9
10
13
14
16
21
23
25
27
28
(24
1
2
5
6
8
11
13
15
17
21
22
24
27
29
(25
0
3
4
7
9
10
12
14
16
21
23
25
26
28
(26
0
3
4
7
9
10
12
14
16
21
23
25
26
28
(27
1
11
13
15
17
21
28
(28
1
2
5
6
8
11
13
15
17
21
22
24
27
29
(29
1
2
4
6
8
11
13
15
17
21
22
24
26
29
(30
0
(31
1
2
4
6
8
11
13
15
17
21
22
24
27
29
(32
1
2
4
6
8
11
13
14
17
21
23
25
26
29
(33
1
2
4
6
8
11
13
15
17
21
22
24
27
29
(34
1
2
5
6
8
13
15
17
21
22
24
27
29
(35
1
11
13
15
17
21
29
(36
1
11
13
15
17
21
29
(37
0
3
4
7
9
23
25
27
(38
1
2
5
6
8
11
13
15
17
21
22
24
27
29
(39
0
3
4
7
9
10
12
14
16
21
23
25
26
28
(40
0
10
13
14
16
21
(41
0
2
4
7
9
22
25
26
(42
0
3
4
7
9
10
13
14
17
21
23
24
26
28
(43
0
3
4
7
9
10
12
14
16
21
23
25
27
(44
1
2
4
6
8
22
25
26
(45
1
11
13
15
17
21
28
(46
1
2
5
6
8
11
13
15
17
21
22
24
27
29
(47
0
3
4
7
9
23
25
26
(48
1
2
4
7
8
11
13
15
17
21
22
25
27
28
(49
1
15
(50
0
3
4
7
9
10
13
14
17
21
23
25
26
28
(51
1
2
5
6
8
11
13
15
17
21
22
24
27
29
(52
0
3
4
7
9
10
12
14
16
21
23
24
26
(53
1
2
5
6
8
11
13
15
17
21
22
24
27
29
(54
1
2
6
8
11
13
15
17
21
22
25
26
29
(55
0
3
4
7
9
10
12
14
16
21
23
24
26
28
(56
1
2
4
6
8
11
13
15
17
21
22
24
27
29
(57
0
3
4
7
9
10
12
14
16
21
23
25
26
28
(58
0
3
4
7
9
10
13
14
16
21
23
25
26
28
(59
0
3
4
7
9
10
12
14
16
21
25
26
28
(60
1
2
5
6
8
11
13
15
17
21
22
24
27
29
(61
0
3
4
7
9
10
12
14
16
21
23
25
26
28
(62
0
(63
0
3
4
7
9
22
25
26
(64
1
2
4
6
8
11
13
15
17
21
22
24
26
29
(65
0
3
4
7
9
23
25
26
(66
0
3
4
7
9
23
25
27
(67
1
2
4
6
8
11
13
15
17
21
22
24
27
29
(68
1
6
8
11
13
15
17
21
24
27
29
(69
0
3
4
7
9
10
12
14
16
21
23
24
26
28
(70
0
3
4
7
9
10
14
17
21
23
25
26
28
(71
1
2
4
6
8
11
13
15
17
21
22
24
26
29
(72
1
2
5
6
8
11
13
15
17
21
22
24
27
29
(73
1
2
4
6
8
11
13
15
17
21
22
24
27
29
(74
1
11
13
15
17
21
(75
1
2
5
6
8
11
13
15
17
21
22
24
27
29
(76
1
2
5
6
8
11
13
15
17
21
22
24
27
29
(77
0
3
4
7
9
10
12
14
16
21
23
25
26
28
(78
0
3
4
7
9
10
12
14
16
21
23
25
26
28
(79
1
2
5
6
8
22
24
26
(80
0
3
4
7
9
10
12
14
16
21
23
25
26
28
(81
1
2
4
7
8
11
13
15
17
21
22
24
26
28
(82
1
2
4
6
8
22
25
27
(83
1
2
5
6
8
11
13
15
17
21
22
24
27
29
(84
0
(85
1
11
13
14
17
21
29
(86
0
3
4
7
9
23
25
26
(87
1
11
13
15
16
21
(88
0
3
4
7
9
10
12
14
16
21
23
25
26
28
(89
1
2
5
6
8
11
13
15
17
21
22
25
27
29
(90
1
2
5
7
8
11
13
15
17
21
22
24
26
29
(91
1
2
4
6
8
11
13
15
17
21
22
25
27
29
(92
0
3
4
9
10
13
14
16
21
22
25
26
28
(93
0
3
4
7
9
10
12
14
16
21
23
25
26
28
(94
1
11
13
15
17
21
29
(95
0
3
4
7
9
10
13
14
16
21
23
25
26
28
(96
0
3
4
7
9
10
12
14
16
21
23
25
26
28
(97
1
2
5
6
8
11
13
15
17
20
22
24
27
29
(98
1
11
13
15
17
21
29
(99
0
3
4
7
9
23
25
26
(100
0
3
4
7
9
23
25
26
(101
1
2
4
6
8
11
13
15
17
21
22
25
27
28
(102
0
3
4
7
9
23
25
26
(103
1
2
4
6
8
11
13
15
17
21
22
24
27
28
(104
0
3
4
7
9
10
12
14
16
21
23
25
27
28
(105
1
2
4
6
8
11
13
15
17
21
22
24
26
29
(106
0
3
4
7
9
23
25
26
(107
0
3
4
7
9
10
13
14
16
21
23
25
26
28
(108
1
11
13
15
17
21
29
(109
1
2
4
6
8
11
13
15
17
21
22
24
27
29
(110
0
3
4
6
9
23
25
26
(111
1
(112
0
3
4
7
9
10
13
14
17
21
23
25
26
(113
1
2
5
6
8
11
13
15
17
21
22
24
27
29
(114
2
4
6
8
11
13
15
17
21
22
25
26
29
(115
0
3
4
7
9
23
25
26
(116
0
(117
0
3
4
7
9
10
13
14
16
21
23
25
26
28
(118
1
2
4
6
8
11
13
15
17
21
22
24
26
28
(119
0
3
4
7
9
13
16
21
23
25
26
28
(120
1
2
5
6
8
11
13
15
17
21
22
24
27
29
(121
1
2
4
6
8
11
13
15
17
21
22
24
26
29
(122
0
3
4
7
9
23
25
26
(123
0
3
4
7
9
10
12
14
16
21
23
25
26
28
(124
1
11
13
14
17
21
28
(125
0
3
4
7
9
10
12
14
21
23
25
26
28
(126
0
2
4
7
9
23
25
26
(127
1
2
5
6
8
11
13
15
17
21
22
24
26
29
(128
1
2
5
6
8
11
13
15
17
21
22
24
27
29
(129
0
3
7
9
10
12
14
16
21
23
25
26
28
(130
0
(131
1
2
5
6
8
11
13
15
17
21
22
24
27
29
(132
1
2
5
6
8
11
13
15
17
21
22
24
26
29
(133
0
3
4
7
9
10
13
14
16
21
23
25
26
28
(134
0
3
4
7
9
10
14
16
21
23
25
26
28
(135
0
3
4
7
9
23
25
26
(136
0
3
4
7
9
25
(137
0
3
4
7
9
10
12
14
16
21
23
25
27
28
(138
1
2
4
6
8
11
13
15
17
21
22
24
27
29
(139
0
3
5
7
9
10
12
15
16
21
23
25
27
28
(140
1
2
5
6
8
11
13
15
17
21
22
24
26
29
(141
0
10
14
16
21
28
(142
1
11
15
17
21
29
(143
0
3
4
7
9
10
12
14
16
21
23
25
26
28
(144
0
3
4
7
9
10
13
14
17
21
23
25
26
28
(145
1
2
4
6
8
11
13
15
17
21
22
25
27
29
(146
0
3
4
7
9
10
13
14
16
21
23
25
26
28
(147
0
3
5
7
9
10
12
14
16
21
23
25
26
28
(148
1
2
4
6
8
11
13
15
17
21
22
24
26
29
(149
0
3
4
7
9
23
25
26
(150
0
3
4
7
9
23
25
26
(151
0
3
4
7
9
23
25
27
(152
0
3
4
7
9
23
25
26
(153
1
2
5
6
8
11
13
15
17
21
22
25
26
29
(154
0
3
4
7
9
10
12
14
16
21
23
25
26
28
(155
0
3
4
7
9
23
25
26
(156
1
11
13
15
17
21
29
(157
0
3
4
7
9
23
25
26
(158
0
7
9
23
25
26
(159
1
2
4
6
8
11
13
15
17
21
22
25
27
29
(160
1
11
13
15
17
21
29
(161
0
3
4
7
9
23
25
26
(162
0
10
13
14
17
21
28
(163
1
11
13
14
16
(164
0
3
4
7
9
10
13
14
16
21
23
25
26
28
(165
1
2
4
6
8
11
13
15
17
21
22
24
26
29
(166
1
2
4
7
9
13
17
21
23
25
26
28
(167
0
3
4
7
9
23
25
26
(168
0
3
4
7
9
10
12
14
16
21
23
25
26
28
(169
1
2
5
6
8
11
13
15
17
20
22
24
26
29
(170
1
2
5
6
8
22
24
27
(171
0
3
4
7
9
10
13
14
17
21
23
25
26
28
(172
0
3
4
7
9
10
12
14
16
21
23
25
26
28
(173
0
3
4
7
9
23
25
26
(174
0
3
4
7
9
23
25
26
(175
0
3
4
7
9
10
12
14
16
21
23
25
26
28
(176
1
2
4
6
8
11
13
15
17
21
22
24
26
29
(177
1
2
5
6
8
11
13
15
17
21
22
24
27
29
(178
0
3
4
7
9
10
12
14
16
21
23
25
26
28
(179
1
2
5
6
8
11
13
14
17
21
23
25
27
29
(180
1
2
5
6
8
11
13
15
17
21
22
24
27
29
(181
1
2
4
6
8
11
13
15
17
21
22
24
27
29
(182
1
11
13
15
17
21
29
(183
0
3
4
7
9
23
25
26
(184
0
(185
1
2
5
6
8
11
13
15
17
20
22
24
26
29
(186
0
3
4
7
9
10
13
14
16
21
23
25
26
28
(187
1
11
13
14
17
21
28
(188
1
11
14
17
21
28
(189
1
2
5
6
8
11
13
15
17
21
22
24
27
29
(190
1
2
5
6
8
11
13
15
17
21
22
24
26
29
(191
0
(192
0
11
13
14
16
21
(193
0
3
4
7
9
10
13
14
16
21
23
25
27
28
(194
1
2
5
6
8
11
13
15
17
21
22
24
27
29
(195
1
11
13
15
17
21
29
(196
2
4
7
8
11
13
14
17
21
23
25
26
28
(197
0
3
4
7
9
10
14
16
21
23
25
26
28
(198
0
3
7
9
22
25
26
(199
1
8
11
13
15
17
22
24
27
29
(200
1
15
(201
1
2
4
6
8
11
13
15
17
21
22
24
26
29
(202
1
2
4
6
8
11
13
15
17
21
22
24
27
29
(203
1
2
4
6
8
11
13
15
17
21
22
24
27
29
(204
0
10
14
16
21
28
(205
1
2
4
6
8
11
13
15
17
21
22
25
27
29
(206
1
13
15
17
21
29
(207
0
3
4
7
9
23
25
26
(208
1
2
5
6
8
11
13
15
17
21
22
24
27
29
(209
1
11
13
14
17
21
29
(210
1
2
5
6
8
11
13
15
20
22
24
27
29
(211
0
3
4
7
9
23
25
26
(212
0
3
4
7
9
23
24
26
(213
1
2
4
6
8
11
13
15
17
22
24
27
(214
0
3
4
7
9
10
12
14
16
21
23
25
26
28
(215
0
2
4
7
9
23
25
26
(216
0
3
4
7
9
23
25
26
(217
0
14
21
(218
0
3
4
7
9
23
25
26
(219
1
2
4
6
8
22
24
27
(220
1
2
4
6
8
11
13
15
17
20
22
24
26
29
(221
0
3
4
7
9
23
25
26
(222
1
6
8
11
13
15
17
21
22
24
27
(223
0
3
4
7
9
10
12
14
16
21
23
25
26
28
(224
0
2
4
7
9
10
13
14
17
21
23
24
26
28
(225
0
3
4
7
9
11
13
14
16
21
23
25
26
28
(226
1
11
13
15
17
21
29
(227
1
2
5
6
8
22
24
27
(228
0
(229
0
10
14
(230
0
3
4
7
9
10
13
14
16
21
23
25
26
28
(231
1
2
5
6
8
11
13
15
17
21
22
24
27
29
(232
0
(233
1
2
4
6
8
11
13
15
17
21
22
25
26
29
(234
1
11
12
14
16
21
28
(235
0
3
4
7
9
23
25
26
(236
1
11
13
15
17
21
29
(237
1
2
4
6
8
11
13
15
17
21
22
24
27
29
(238
1
2
4
6
8
11
13
15
17
21
22
24
26
29
(239
1
15
(240
0
3
4
7
9
10
13
14
16
21
23
25
26
28
(241
0
3
4
7
9
10
12
14
16
21
23
24
27
28
(242
0
3
4
7
9
23
25
26
(243
1
2
4
6
8
11
13
14
17
21
22
25
26
29
(244
0
3
7
9
10
14
16
21
23
25
26
(245
0
3
5
7
9
11
13
14
17
21
23
25
26
28
(246
0
3
4
7
9
11
13
14
17
21
22
25
26
28
(247
0
3
4
7
9
10
13
14
17
21
23
25
26
28
(248
0
3
4
7
9
23
25
26
(249
1
2
5
6
8
11
13
15
17
21
22
24
26
29
(250
0
3
4
7
9
23
25
26
(251
0
3
4
7
9
23
25
26
(252
1
11
13
15
17
21
29
(253
1
11
13
14
17
21
29
(254
0
11
14
28
(255
0
3
4
7
9
10
12
14
16
21
23
25
27
28
(256
1
6
8
11
13
15
17
21
22
25
26
29
(257
1
2
4
6
8
11
13
15
17
21
22
24
27
29
(258
0
3
4
7
9
10
12
14
16
21
23
25
26
28
(259
0
10
13
14
16
21
28
(260
1
11
13
15
17
21
28
(261
1
15
(262
1
2
4
7
8
11
13
15
17
21
22
25
26
29
(263
1
2
4
6
8
11
13
15
17
21
22
25
27
29
(264
1
2
5
8
11
13
15
17
20
22
24
27
29
(265
1
2
4
6
8
11
13
15
17
21
22
24
27
29
(266
1
11
13
15
17
21
29
(267
1
(268
0
3
4
7
9
10
12
14
17
21
23
25
26
28
(269
1
2
5
6
8
11
13
15
17
21
22
24
27
29
(270
0
3
4
7
9
10
13
14
16
21
23
25
26
28
(271
0
10
12
14
16
28
(272
0
3
4
7
9
10
13
14
16
21
23
26
28
(273
0
3
4
7
9
11
13
14
17
21
23
25
26
28
(274
1
2
4
6
8
11
13
15
17
20
22
24
27
29
(275
1
2
5
6
8
13
14
16
21
23
25
26
29
(276
0
3
4
7
9
23
25
26
(277
1
2
4
6
8
11
13
15
17
21
22
24
26
29
(278
0
3
4
7
9
10
13
14
17
21
23
25
26
28
(279
1
2
5
6
8
11
13
15
17
21
22
25
26
29
(280
0
3
4
7
9
10
12
14
16
21
23
25
26
28
(281
1
2
5
6
8
24
27
(282
0
3
4
7
9
23
25
27
(283
1
11
13
15
17
21
29
(284
0
3
4
7
9
23
25
26
(285
0
3
4
7
9
11
13
14
21
23
25
26
28
(286
0
3
4
7
9
10
12
14
16
21
23
25
26
28
(287
1
2
4
7
8
11
13
15
17
21
22
25
26
29
(288
0
3
4
7
9
23
25
26
(289
1
2
4
6
8
11
13
15
17
21
22
25
27
28
(290
0
3
4
7
9
23
25
26
(291
0
3
4
7
9
10
12
14
16
21
23
25
27
28
(292
1
2
4
7
8
11
13
15
16
21
22
25
26
29
(293
0
3
7
9
10
12
14
16
21
23
25
26
28
(294
0
3
4
7
9
10
12
14
16
23
25
26
28
(295
1
2
4
7
8
11
13
15
17
21
22
25
26
28
(296
1
11
13
14
17
21
28
(297
1
2
4
6
8
11
13
15
17
21
22
24
27
29
(298
1
11
13
15
17
21
29
(299
0
3
4
7
9
23
25
26
(300
1
11
13
15
17
21
29
(301
0
3
4
7
9
12
16
21
23
25
27
28
(302
0
3
5
7
9
13
14
17
21
23
25
27
29
(303
0
10
14
16
21
(304
0
3
4
7
9
23
25
26
(305
1
2
5
6
8
11
13
15
17
21
22
24
27
29
(306
1
2
5
6
8
11
13
15
17
21
22
24
26
29
(307
1
11
13
15
17
21
28
(308
1
11
13
15
17
21
29
(309
0
3
4
7
9
10
12
14
16
21
23
25
26
28
(310
1
2
4
6
8
11
13
15
17
21
22
24
27
29
(311
0
11
13
14
17
21
28
(312
1
2
4
6
8
11
13
15
17
21
22
24
27
29
(313
1
2
4
7
8
11
13
15
17
21
22
25
27
29
(314
1
11
13
15
17
21
29
(315
1
2
4
6
8
11
13
15
17
21
22
24
26
29
(316
1
11
13
15
17
21
29
(317
0
3
4
7
9
10
12
14
16
21
23
25
27
28
(318
1
2
4
8
11
13
15
17
21
22
24
26
29
(319
1
2
4
6
8
11
13
15
17
21
22
24
27
29
(320
0
13
16
21
28
(321
0
3
4
7
9
10
13
14
17
21
23
25
26
28
(322
0
3
4
7
9
10
12
14
16
21
23
25
26
28
(323
1
11
13
14
17
21
29
(324
0
(325
0
3
7
9
23
25
27
(326
0
3
5
9
10
12
14
16
21
23
25
26
28
(327
1
2
4
6
8
11
13
15
17
21
22
25
27
29
(328
0
3
4
7
9
23
25
27
(329
0
3
4
7
9
10
12
14
16
21
23
25
26
28
(330
1
2
5
6
8
11
13
15
17
21
22
24
27
29
(331
1
2
4
6
8
11
13
15
17
21
22
24
27
29
(332
0
10
14
16
21
28
(333
0
3
4
7
9
10
12
14
16
21
23
25
26
28
(334
0
3
4
7
9
10
13
14
16
21
23
25
26
28
(335
0
3
4
7
9
10
12
14
16
21
23
25
26
28
(336
1
2
4
6
8
11
13
15
17
21
22
24
27
29
(337
11
13
15
17
21
(338
0
3
4
7
9
23
25
26
(339
0
3
4
7
9
10
12
14
16
21
23
25
26
28
(340
0
3
4
7
9
12
14
16
21
23
25
26
28
(341
1
2
4
6
8
11
13
15
17
21
22
24
26
29
(342
0
3
4
7
9
10
13
14
17
21
23
25
26
28
(343
0
3
5
7
9
10
12
14
16
21
23
25
26
28
(344
1
11
13
15
17
21
28
(345
1
11
13
15
17
21
29
(346
0
3
4
7
9
23
25
26
(347
0
(348
1
11
13
14
17
21
29
(349
0
3
4
7
9
10
13
14
16
21
23
25
26
28
(350
0
3
4
7
9
10
14
17
21
23
25
26
28
(351
1
2
4
6
8
11
13
15
17
21
22
24
26
29
(352
1
2
5
6
8
13
15
17
21
22
24
26
29
(353
0
3
4
7
9
10
12
14
16
21
23
25
26
28
(354
0
3
4
7
9
11
13
14
16
21
23
25
26
28
(355
1
2
4
6
8
11
13
15
17
21
22
24
26
29
(356
1
11
13
15
17
21
29
(357
1
11
13
15
17
21
29
(358
1
2
5
6
8
11
13
15
17
21
22
24
27
29
(359
1
11
13
15
21
29
(360
1
2
5
6
8
11
13
15
20
22
24
27
29
(361
0
3
4
7
9
10
12
14
16
21
23
24
26
28
(362
0
9
10
12
14
16
21
28
(363
0
3
4
7
9
12
16
23
25
26
28
(364
1
(365
1
2
5
6
8
11
13
15
17
20
22
24
27
29
(366
0
3
4
7
9
10
12
14
16
21
23
25
26
28
(367
1
2
5
6
8
11
13
15
17
21
22
24
26
29
(368
1
13
17
21
29
(369
1
2
4
7
8
11
13
15
17
21
22
25
29
(370
0
3
4
7
9
10
12
14
16
21
23
25
26
28
(371
0
3
4
7
9
10
12
14
16
21
23
25
27
28
(372
1
11
13
15
17
21
(373
1
2
4
8
11
13
15
17
21
22
24
27
29
(374
0
3
4
7
9
23
25
26
(375
1
(376
0
13
15
16
28
(377
1
11
13
15
17
21
28
(378
1
2
5
6
8
11
13
15
17
21
22
24
27
29
(379
1
2
4
6
8
11
13
15
17
21
22
24
26
29
(380
0
10
12
14
16
21
28
(381
1
(382
1
2
4
6
8
11
13
15
17
21
22
24
27
29
(383
0
3
4
7
9
23
25
26
(384
1
2
5
6
8
11
13
15
17
21
22
24
26
29
(385
1
2
4
6
8
11
13
15
17
21
22
25
27
29
(386
1
11
13
15
17
21
29
(387
0
3
4
7
9
10
13
14
16
21
23
25
26
28
(388
0
3
4
7
9
10
13
14
16
21
23
25
26
28
(389
1
2
5
6
8
11
13
15
17
22
24
27
29
(390
1
2
5
6
8
11
13
15
17
21
22
24
27
29
(391
0
3
4
7
9
23
25
26
(392
1
2
4
6
8
11
13
15
17
21
22
25
27
29
(393
1
2
4
6
9
11
13
14
16
21
23
25
26
29
(394
0
(395
0
3
4
7
9
10
12
14
16
21
23
25
27
28
(396
0
3
4
7
9
10
12
14
16
21
23
25
26
28
(397
1
2
4
6
8
11
13
15
17
21
22
24
27
29
(398
1
2
5
6
8
11
13
15
17
21
22
24
26
29
(399
1
2
4
6
8
11
13
15
17
21
22
25
27
29
(400
1
2
5
6
8
11
15
17
20
22
24
26
29
(401
1
2
4
6
8
11
13
14
17
22
24
26
29
(402
0
3
4
7
9
23
25
26
(403
1
11
13
15
17
21
29
(404
1
2
5
7
8
11
13
15
17
21
22
24
27
29
(405
1
2
5
6
8
11
13
15
17
22
24
27
29
(406
0
3
4
7
9
10
12
14
16
21
23
25
26
28
(407
0
3
4
7
9
10
12
14
16
21
23
25
26
28
(408
0
2
4
7
9
10
13
14
16
21
23
25
27
28
(409
1
11
13
15
17
21
29
(410
1
2
5
6
8
11
13
15
17
21
22
25
27
29
(411
0
(412
0
3
4
7
9
10
13
14
16
21
23
25
26
28
(413
0
(414
0
3
4
7
9
10
12
14
16
21
23
25
26
28
(415
0
3
4
7
9
10
12
14
16
21
23
25
26
28
(416
0
3
4
7
9
23
25
26
(417
1
2
4
6
8
11
13
15
17
21
22
24
26
29
(418
1
2
4
6
8
11
15
17
21
22
25
27
29
(419
0
3
4
7
9
10
12
14
16
21
23
25
26
28
(420
1
6
8
11
13
15
17
21
22
24
27
29
(421
1
2
4
6
8
11
13
15
17
21
22
24
26
29
(422
2
4
6
8
11
13
15
17
21
24
29
(423
0
(424
1
11
13
15
17
21
29
(425
0
3
4
7
9
23
25
26
(426
0
3
4
9
10
12
14
16
21
23
25
26
(427
1
11
13
15
17
21
29
(428
1
2
4
6
8
11
13
14
17
21
22
24
26
29
(429
0
3
4
7
9
23
25
26
(430
0
3
4
7
9
10
12
14
16
21
23
25
26
28
(431
1
2
5
7
8
11
13
15
17
21
22
24
26
29
(432
0
3
4
7
9
12
14
16
21
23
25
26
28
(433
0
3
4
7
9
10
12
14
16
21
23
25
26
28
(434
0
3
4
7
9
23
25
26
(435
0
3
4
7
9
11
12
14
16
21
23
25
26
28
(436
1
(437
11
13
14
17
21
28
(438
1
2
4
7
9
11
13
14
17
21
23
25
26
28
(439
1
2
5
6
8
11
13
15
17
21
22
24
26
29
(440
1
2
5
6
8
11
13
15
17
21
22
24
27
29
(441
0
10
12
14
16
(442
1
2
5
6
8
11
13
15
17
20
22
24
27
29
(443
1
13
17
28
(444
0
3
4
7
9
10
13
14
16
21
23
24
26
28
(445
1
2
5
6
8
11
13
15
17
21
22
24
27
29
(446
0
3
4
7
9
10
13
14
17
21
23
25
27
28
(447
3
4
7
9
23
25
27
(448
1
11
13
15
16
21
29
(449
1
2
5
6
8
11
13
15
17
20
22
24
27
29
(450
0
3
5
7
9
10
12
14
16
21
23
25
27
28
(451
1
2
4
6
8
11
13
15
17
21
22
24
26
29
(452
0
(453
0
3
4
7
9
10
12
14
16
21
23
24
26
28
(454
0
3
4
7
9
23
25
26
(455
1
11
13
15
16
21
29
(456
1
2
5
6
8
13
15
17
21
22
24
27
29
(457
0
(458
1
11
13
15
17
21
29
(459
1
2
5
8
11
13
15
17
21
22
24
27
29
(460
1
2
5
7
8
11
13
15
17
21
22
24
26
29
(461
0
(462
1
(463
1
6
8
11
13
15
17
21
22
24
27
29
(464
0
9
11
13
14
16
21
28
(465
0
10
14
16
21
(466
1
6
8
11
13
15
17
21
22
24
26
(467
0
3
4
7
9
23
25
26
(468
0
3
4
7
9
16
21
23
24
26
28
(469
0
3
4
7
9
10
13
14
16
21
23
25
26
28
(470
0
2
4
7
9
23
25
26
(471
0
3
4
7
9
23
25
26
(472
0
3
4
7
9
23
25
26
(473
0
3
4
7
9
10
12
14
16
21
23
24
26
28
(474
1
2
4
6
8
11
13
15
17
21
22
24
27
29
(475
0
3
4
7
9
10
12
14
16
21
23
25
26
28
(476
0
3
4
7
9
10
13
14
17
21
22
25
26
28
(477
0
3
4
7
9
11
13
15
16
21
22
25
26
28
(478
1
2
4
6
8
11
13
15
17
21
22
24
26
29
(479
0
3
4
7
9
23
25
26
(480
0
(481
0
3
4
7
9
23
25
26
(482
0
10
13
14
16
21
28
(483
0
3
4
7
9
10
12
14
16
21
23
25
26
28
(484
0
3
4
7
9
10
13
14
16
21
23
25
26
28
(485
0
3
4
7
9
23
25
26
(486
1
2
5
6
8
11
13
15
17
20
22
24
27
29
(487
1
2
4
6
8
11
13
14
17
21
23
24
26
28
(488
0
10
14
16
21
28
(489
1
2
5
6
8
11
13
15
17
21
22
24
27
29
(490
1
2
5
6
8
11
13
15
17
21
22
24
27
29
(491
0
3
4
7
9
23
25
26
(492
1
11
13
15
17
21
(493
0
3
4
7
9
10
12
14
16
21
23
25
26
28
(494
0
3
4
7
9
10
13
14
17
21
23
25
26
28
(495
0
11
13
15
17
21
28
(496
0
3
4
7
9
23
25
26
(497
0
3
4
7
9
10
14
16
21
23
25
26
28
(498
1
2
4
6
8
11
13
15
17
21
22
24
27
29
(499
1
2
5
6
8
11
13
15
17
21
24
27
29
(500
1
2
5
6
8
11
13
15
17
21
22
24
27
(501
0
7
9
25
26
(502
1
15
17
21
(503
0
3
4
7
9
23
25
26
(504
0
3
5
7
9
10
12
14
16
21
23
25
26
28
(505
0
(506
1
2
4
6
8
11
13
15
17
21
22
24
26
29
(507
0
3
4
7
9
10
13
14
16
21
23
25
26
(508
1
2
5
6
8
11
13
15
17
21
22
24
26
29
(509
1
11
13
14
17
21
29
(510
1
2
5
6
8
22
24
27
(511
0
3
4
7
9
10
13
14
16
21
23
25
26
28
(512
1
2
4
6
8
11
13
15
17
21
22
24
27
29
(513
0
3
4
7
9
10
12
14
16
21
23
25
26
28
(514
1
2
5
8
11
13
15
17
21
22
24
27
29
(515
0
3
4
7
9
10
13
14
17
21
23
25
26
28
(516
1
2
5
7
8
11
13
15
17
21
22
24
27
29
(517
0
3
4
7
9
10
12
14
16
21
23
25
26
28
(518
0
7
9
10
12
14
16
21
23
25
26
28
(519
0
3
4
7
9
10
12
14
16
21
23
25
26
28
(520
0
3
4
7
9
10
13
14
16
21
23
25
26
28
(521
0
3
4
7
9
10
12
14
16
21
23
25
27
28
(522
0
3
4
7
9
23
25
26
(523
1
11
13
15
17
21
(524
1
11
13
15
16
21
29
(525
1
2
4
6
8
11
13
15
17
21
22
24
26
29
(526
1
2
5
6
8
11
13
15
17
21
22
24
27
29
(527
1
(528
0
3
4
7
9
23
25
26
(529
1
2
4
6
8
11
13
14
17
21
23
25
26
29
(530
0
3
4
7
9
11
13
14
16
21
23
24
26
28
(531
0
3
4
7
9
23
25
26
(532
0
3
4
7
9
23
25
26
(533
1
(534
1
2
4
6
8
11
13
15
17
21
22
24
27
29
(535
0
3
4
7
9
23
25
27
(536
1
11
13
15
17
21
29
(537
0
3
4
7
9
10
12
14
17
21
23
25
27
28
(538
1
2
4
6
8
11
13
15
17
21
22
25
27
29
(539
0
3
4
7
9
23
25
26
(540
0
11
13
14
17
21
28
(541
1
11
13
15
17
21
29
(542
0
3
4
7
9
23
25
26
(543
0
(544
1
2
4
6
8
11
13
15
17
21
22
25
26
28
(545
0
3
4
7
9
23
25
26
(546
0
(547
1
2
4
6
8
11
13
15
17
21
23
24
26
29
(548
1
2
4
6
8
11
13
15
17
21
22
24
27
29
(549
0
3
4
7
9
10
12
14
16
21
23
25
26
28
(550
1
11
14
16
(551
0
3
4
7
9
23
25
26
(552
1
2
4
6
8
11
13
15
17
21
22
24
27
29
(553
1
2
4
6
8
11
13
15
17
21
22
24
26
29
(554
0
2
4
7
9
11
13
14
17
21
23
25
27
28
(555
1
2
4
6
8
11
13
15
17
21
22
25
27
29
(556
1
(557
0
3
4
7
9
10
14
16
21
23
25
27
28
(558
1
11
13
14
17
21
(559
0
3
4
7
9
10
13
14
16
21
23
25
27
28
(560
1
11
13
15
17
21
29
(561
1
11
13
15
17
21
28
(562
0
3
4
7
9
23
25
26
(563
1
11
13
15
17
21
29
(564
1
2
5
6
8
22
24
27
(565
0
3
4
7
9
10
12
14
21
23
25
26
28
(566
0
10
14
16
21
28